lastAccountName: AppelsPen
timestamps:
  login: 1524503859453
  logout: 1524499757127
ipAddress: 127.0.0.1
afk: true
logoutlocation:
  world: world
  x: 206.39331384050342
  y: 77.0
  z: 274.36496877904284
  yaw: 243.8963
  pitch: 2.8464217
